import numpy as np
import torch

WIDTH = 352
HEIGHT = 287

CAM_NUM = 4

T = CAM_NUM * [None]
T[0] = torch.tensor([[0.998637149617664, 0.0210423473974330, 0.0477604754950395, -0.0123808505935194],
                     [0.0291696689445358, 0.533808124654113, -0.845102370406642, 1.18856957459405],
                     [-0.0432778675210864, 0.845343779576844, 0.532466825739935, 0.774820514239818],
                     [0, 0, 0, 1]]).type(torch.float)
T[1] = torch.tensor([[0.767718219791565, 0.474479685211881, 0.430671293820828, -0.585330929621780],
                     [0.0775255440921717, 0.598383956289324, -0.797449955087308, 1.30580527484513],
                     [-0.636080596318803, 0.645604886270830, 0.422605969917539, 0.319082229324211],
                     [0, 0, 0, 1]]).type(torch.float)
T[2] = torch.tensor([[0.779933518013299, -0.487300286641689, -0.392736728761557, 0.679696448874243],
                     [-0.00626475587245328, 0.621402929524694, -0.783466114144056, 1.24384315309774],
                     [0.625831015780825, 0.613511882376420, 0.481600155595578, 0.430077010957105],
                     [0, 0, 0, 1]]).type(torch.float)
T[3] = torch.tensor([[1, 0, 0, 0],
                     [0, 1, 0, 0],
                     [0, 0, 1, 0],
                     [0, 0, 0, 1]]).type(torch.float)

CAMID = {'royale_20180717_130600': 0, 'royale_20180717_130602': 1, 'royale_20180717_130603': 2,
         'royale_20180717_130604': 3}

# load intrinsics (should have been in a json/mat file)
CAM_MTX = CAM_NUM * [None]
CAM_MTX[0] = torch.tensor([[153.2559, 0, 179.5296],
                           [0, 153.2559, 135.8711],
                           [0, 0, 1.0000]]).type(torch.float)
CAM_MTX[1] = torch.tensor([[154.0505, 0, 176.8762],
                           [0, 154.0505, 141.7285],
                           [0, 0, 1.0000]]).type(torch.float)
CAM_MTX[2] = torch.tensor([[153.7142, 0, 180.1627],
                           [0, 153.7142, 143.3461],
                           [0, 0, 1.0000]]).type(torch.float)
CAM_MTX[3] = torch.tensor([[153.1698, 0, 178.6514],
                           [0, 153.1698, 138.2396],
                           [0, 0, 1.0000]]).type(torch.float)
# load distortion (should have been in a json/mat file)
CAM_DIST = CAM_NUM * [None]
CAM_DIST[0] = np.array([0.1466, -0.1815, -0.0022, 0.0000, 0.0447])
CAM_DIST[1] = np.array([0.1383, -0.1728, -0.0017, -0.0000, 0.0421])
CAM_DIST[2] = np.array([0.1498 - 0.1832, 0.4550 * 0.001, -0.2183 * 0.001, 0.0449])
CAM_DIST[3] = np.array([0.1470, -0.1806, -0.0022, 0.0013, 0.0441])
